0.0,0.0,1.42e-06,0.0
0.0,1.0,0.0289,0.0
0.0,2.0,0.000311,0.0
0.0,3.0,2.4e-09,0.0
0.0,4.0,0.000531,0.0
0.0,5.0,1.17e-06,0.0
0.0,6.0,8.57e-08,0.0
0.0,7.0,8.89e-06,0.0
0.0,8.0,8.51e-05,0.0
0.0,9.0,1.03e-06,0.0
0.0,10.0,0.000216,0.0
0.0,11.0,8.46e-06,0.0
0.0,12.0,0.19,1.0
0.0,13.0,2.6e-06,0.0
0.0,14.0,6.84e-06,0.0
0.0,15.0,0.196,1.0
0.0,16.0,0.000123,0.0
0.0,17.0,1.37e-05,0.0
0.0,18.0,0.517,1.0
0.0,19.0,4.17e-05,0.0
0.0,20.0,7.27e-07,0.0
0.0,21.0,6.07e-06,0.0
0.0,22.0,0.000575,0.0
0.0,23.0,0.00138,0.0
0.0,24.0,1.27e-05,0.0
0.0,25.0,8.37e-06,0.0
0.0,26.0,7.76e-06,0.0
0.0,27.0,0.00111,0.0
0.0,28.0,0.00519,0.0
0.0,29.0,2.8e-07,0.0
0.0,30.0,2.54e-06,0.0
0.0,31.0,8.77e-05,0.0
0.0,32.0,0.158,1.0
0.0,33.0,7.33e-05,0.0
0.0,34.0,3.26e-06,0.0
0.0,35.0,9.31e-05,0.0
0.0,36.0,0.000515,0.0
0.0,37.0,2.41e-06,0.0
0.0,38.0,0.00115,0.0
0.0,39.0,1.74e-06,0.0
0.0,40.0,0.0022,0.0
0.0,41.0,0.0125,0.0
0.0,42.0,7.94e-05,0.0
0.0,43.0,7.84e-05,0.0
0.0,44.0,0.000158,0.0
0.0,45.0,0.000232,0.0
0.0,46.0,0.000164,0.0
0.0,47.0,1.09e-06,0.0
0.0,48.0,1.99e-08,0.0
0.0,49.0,1.35e-08,0.0
0.0,50.0,5.61e-05,0.0
0.0,51.0,2.12e-07,0.0
0.0,52.0,6.65e-07,0.0
0.0,53.0,0.00769,0.0
0.0,54.0,6.11e-07,0.0
0.0,55.0,1.62e-06,0.0
0.0,56.0,7.52e-06,0.0
0.0,57.0,0.0573,1.0
0.0,58.0,0.00373,0.0
0.0,59.0,0.0206,0.0
0.0,60.0,9.61e-06,0.0
0.0,61.0,0.00183,0.0
0.0,62.0,0.000426,0.0
0.0,63.0,3.98e-05,0.0
0.0,64.0,0.0155,0.0
0.0,65.0,5.3e-06,0.0
0.0,66.0,1.88e-05,0.0
0.0,67.0,0.425,1.0
0.0,68.0,0.188,1.0
0.0,69.0,6.55e-05,0.0
0.0,70.0,2.24e-08,0.0
0.0,71.0,9.66e-06,0.0
0.0,72.0,7.26e-07,0.0
0.0,73.0,0.00035,0.0
0.0,74.0,5.59e-05,0.0
0.0,75.0,0.00895,0.0
0.0,76.0,1.58e-05,0.0
0.0,77.0,0.648,1.0
0.0,78.0,0.000121,0.0
0.0,79.0,7.14e-06,0.0
0.0,80.0,0.000318,0.0
0.0,81.0,1.86e-05,0.0
0.0,82.0,3.11e-06,0.0
0.0,83.0,5.29e-07,0.0
0.0,84.0,0.000154,0.0
0.0,85.0,0.265,1.0
0.0,86.0,0.000125,0.0
0.0,87.0,3.9e-06,0.0
0.0,88.0,1.17e-05,0.0
0.0,89.0,6.05e-06,0.0
0.0,90.0,3.1e-06,0.0
0.0,91.0,0.371,1.0
0.0,92.0,2.55e-05,0.0
0.0,93.0,2.01e-05,0.0
0.0,94.0,1.54e-05,0.0
0.0,95.0,4.46e-05,0.0
0.0,96.0,0.352,1.0
0.0,97.0,3.76e-06,0.0
0.0,98.0,0.000108,0.0
0.0,99.0,0.00194,0.0
0.0,100.0,2.12e-05,0.0
0.0,101.0,2.23e-06,0.0
0.0,102.0,5.31e-05,0.0
0.0,103.0,9.94e-07,0.0
0.0,104.0,0.00277,0.0
0.0,105.0,8.04e-08,0.0
0.0,106.0,0.000254,0.0
0.0,107.0,6.67e-07,0.0
0.0,108.0,5.68e-06,0.0
0.0,109.0,5.75e-07,0.0
0.0,110.0,0.116,0.0
0.0,111.0,0.00023,0.0
0.0,112.0,7.87e-05,0.0
0.0,113.0,0.000143,0.0
0.0,114.0,9.49e-06,0.0
0.0,115.0,1.98e-05,0.0
0.0,116.0,0.00689,0.0
0.0,117.0,3.29e-07,0.0
0.0,118.0,9.26e-07,0.0
0.0,119.0,1.84e-06,0.0
0.0,120.0,0.000689,0.0
0.0,121.0,2.5e-05,0.0
0.0,122.0,2.58e-07,0.0
0.0,123.0,2.86e-06,0.0
0.0,124.0,7.52e-05,0.0
0.0,125.0,2.1e-05,0.0
0.0,126.0,0.000146,0.0
0.0,127.0,2.77e-05,0.0
0.0,128.0,6.97e-05,0.0
0.0,129.0,3.27e-07,0.0
0.0,130.0,2.1e-07,0.0
0.0,131.0,2.97e-06,0.0
0.0,132.0,3.05e-06,0.0
0.0,133.0,1.72e-05,0.0
0.0,134.0,2.35e-06,0.0
0.0,135.0,0.000145,0.0
0.0,136.0,7.98e-06,0.0
0.0,137.0,1.66e-05,0.0
0.0,138.0,0.000375,0.0
0.0,139.0,1.04e-07,0.0
0.0,140.0,0.00501,0.0
0.0,141.0,0.00323,0.0
0.0,142.0,3.18e-05,0.0
0.0,143.0,0.00288,0.0
0.0,144.0,3.85e-08,0.0
0.0,145.0,0.000816,0.0
0.0,146.0,3.7e-05,0.0
0.0,147.0,4.99e-06,0.0
0.0,148.0,0.000234,0.0
0.0,149.0,4.88e-05,0.0
0.0,150.0,1.86e-05,0.0
0.0,151.0,0.000556,0.0
0.0,152.0,4.77e-07,0.0
0.0,153.0,1.72e-05,0.0
0.0,154.0,9.64e-08,0.0
0.0,155.0,5.19e-06,0.0
0.0,156.0,7.23e-06,0.0
0.0,157.0,2.5e-06,0.0
0.0,158.0,0.000387,0.0
0.0,159.0,0.327,1.0
0.0,160.0,3.04e-07,0.0
0.0,161.0,2.49e-05,0.0
0.0,162.0,2.29e-06,0.0
0.0,163.0,3.17e-06,0.0
0.0,164.0,9.74e-07,0.0
0.0,165.0,5.94e-06,0.0
0.0,166.0,3.99e-06,0.0
0.0,167.0,5.75e-05,0.0
0.0,168.0,3.56e-06,0.0
0.0,169.0,3.13e-07,0.0
0.0,170.0,0.035,0.0
0.0,171.0,3.26e-07,0.0
0.0,172.0,3.04e-07,0.0
0.0,173.0,1.11e-06,0.0
0.0,174.0,1.3e-06,0.0
0.0,175.0,0.000403,0.0
0.0,176.0,3.74e-05,0.0
0.0,177.0,0.00332,0.0
0.0,178.0,4.51e-05,0.0
0.0,179.0,1.49e-06,0.0
0.0,180.0,2.76e-05,0.0
0.0,181.0,7.89e-06,0.0
0.0,182.0,1.75e-06,0.0
0.0,183.0,8.07e-05,0.0
0.0,184.0,1.76e-05,0.0
0.0,185.0,0.000843,0.0
0.0,186.0,2.39e-05,0.0
0.0,187.0,2.37e-05,0.0
0.0,188.0,0.00203,0.0
0.0,189.0,4.72e-06,0.0
0.0,190.0,0.00191,0.0
0.0,191.0,3.3e-06,0.0
0.0,192.0,1.65e-08,0.0
0.0,193.0,7.31e-06,0.0
0.0,194.0,5.37e-05,0.0
0.0,195.0,1.05e-05,0.0
0.0,196.0,0.000269,0.0
0.0,197.0,8.13e-07,0.0
0.0,198.0,2.56e-06,0.0
0.0,199.0,7.67e-07,0.0
0.0,200.0,1.1e-05,0.0
0.0,201.0,5.78e-05,0.0
0.0,202.0,0.000293,0.0
0.0,203.0,0.000131,0.0
0.0,204.0,0.00126,0.0
0.0,205.0,0.00273,0.0
0.0,206.0,1.81e-05,0.0
0.0,207.0,2.29e-05,0.0
0.0,208.0,0.00285,0.0
0.0,209.0,4.84e-05,0.0
0.0,210.0,1.74e-08,0.0
0.0,211.0,7.07e-05,0.0
0.0,212.0,0.111,0.0
0.0,213.0,2.16e-05,0.0
0.0,214.0,6.11e-07,0.0
0.0,215.0,8.66e-06,0.0
0.0,216.0,6.19e-07,0.0
0.0,217.0,0.0193,0.0
0.0,218.0,2.37e-05,0.0
0.0,219.0,8.57e-05,0.0
0.0,220.0,0.000272,0.0
0.0,221.0,2.63e-05,0.0
0.0,222.0,9.31e-06,0.0
0.0,223.0,0.00817,0.0
0.0,224.0,9.23e-05,0.0
0.0,225.0,1.16e-06,0.0
0.0,226.0,6.68e-08,0.0
0.0,227.0,0.00174,0.0
0.0,228.0,3.18e-05,0.0
0.0,229.0,1.37e-05,0.0
0.0,230.0,9.99e-07,0.0
0.0,231.0,4.96e-06,0.0
0.0,232.0,2.22e-06,0.0
0.0,233.0,1.72e-07,0.0
0.0,234.0,3.45e-05,0.0
0.0,235.0,0.00529,0.0
0.0,236.0,0.000372,0.0
0.0,237.0,1.08e-06,0.0
0.0,238.0,0.000125,0.0
0.0,239.0,2.08e-05,0.0
0.0,240.0,1.91e-07,0.0
0.0,241.0,8.77e-05,0.0
0.0,242.0,0.000216,0.0
0.0,243.0,4.5e-05,0.0
0.0,244.0,1.44e-06,0.0
0.0,245.0,3.46e-08,0.0
0.0,246.0,0.000352,0.0
0.0,247.0,7.57e-06,0.0
0.0,248.0,5.8e-05,0.0
0.0,249.0,0.208,1.0
0.0,250.0,4.77e-06,0.0
0.0,251.0,0.0128,0.0
0.0,252.0,1.62e-06,0.0
0.0,253.0,0.171,0.0
0.0,254.0,1.95e-05,0.0
0.0,255.0,0.0249,0.0
0.0,256.0,5.97e-05,0.0
0.0,257.0,7.28e-09,0.0
0.0,258.0,9.52e-05,0.0
0.0,259.0,0.00116,0.0
0.0,260.0,8.77e-06,0.0
0.0,261.0,1.12e-06,0.0
0.0,262.0,0.000283,0.0
0.0,263.0,1.74e-05,0.0
0.0,264.0,0.000513,0.0
0.0,265.0,2.89e-05,0.0
0.0,266.0,6.24e-05,0.0
0.0,267.0,1.3e-07,0.0
0.0,268.0,1.3e-05,0.0
0.0,269.0,0.000285,0.0
0.0,270.0,4.75e-06,0.0
0.0,271.0,1.13e-05,0.0
0.0,272.0,1.49e-05,0.0
0.0,273.0,6.59e-06,0.0
0.0,274.0,9.24e-05,0.0
0.0,275.0,0.000115,0.0
0.0,276.0,2.15e-05,0.0
0.0,277.0,8.08e-07,0.0
0.0,278.0,1.31e-06,0.0
0.0,279.0,0.000107,0.0
0.0,280.0,4.88e-07,0.0
0.0,281.0,9.83e-07,0.0
0.0,282.0,2.05e-05,0.0
0.0,283.0,0.000442,0.0
0.0,284.0,2.41e-06,0.0
0.0,285.0,4.64e-05,0.0
0.0,286.0,7.2e-06,0.0
0.0,287.0,0.00016,0.0
0.0,288.0,2.8e-07,0.0
0.0,289.0,0.0029,0.0
0.0,290.0,5.41e-06,0.0
0.0,291.0,4.61e-06,0.0
0.0,292.0,8.6e-07,0.0
0.0,293.0,0.00113,0.0
0.0,294.0,1.8e-05,0.0
0.0,295.0,4.8e-06,0.0
0.0,296.0,2.57e-06,0.0
0.0,297.0,2.79e-05,0.0
0.0,298.0,0.0293,0.0
0.0,299.0,2.06e-05,0.0
0.0,300.0,2.75e-05,0.0
0.0,301.0,1.2e-05,0.0
0.0,302.0,0.00655,0.0
0.0,303.0,0.000571,0.0
0.0,304.0,0.00062,0.0
0.0,305.0,0.000713,0.0
0.0,306.0,2.35e-07,0.0
0.0,307.0,3.62e-07,0.0
0.0,308.0,8.5e-06,0.0
0.0,309.0,2.16e-05,0.0
0.0,310.0,4.82e-05,0.0
0.0,311.0,1.71e-06,0.0
0.0,312.0,4.67e-05,0.0
0.0,313.0,0.0324,0.0
0.0,314.0,9.84e-06,0.0
0.0,315.0,1.78e-06,0.0
0.0,316.0,1.41e-07,0.0
0.0,317.0,6.73e-06,0.0
0.0,318.0,1.14e-06,0.0
0.0,319.0,0.000203,0.0
0.0,320.0,0.00934,0.0
0.0,321.0,9.54e-05,0.0
0.0,322.0,1.36e-06,0.0
0.0,323.0,0.000618,0.0
0.0,324.0,3.47e-05,0.0
0.0,325.0,0.00276,0.0
0.0,326.0,2.97e-07,0.0
0.0,327.0,7.83e-05,0.0
0.0,328.0,5.55e-07,0.0
0.0,329.0,2.85e-07,0.0
0.0,330.0,5.86e-05,0.0
0.0,331.0,2.95e-06,0.0
0.0,332.0,0.000778,0.0
0.0,333.0,0.00927,0.0
0.0,334.0,1.25e-05,0.0
0.0,335.0,8.72e-06,0.0
0.0,336.0,0.6,1.0
0.0,337.0,6.28e-07,0.0
0.0,338.0,4.63e-06,0.0
0.0,339.0,0.000155,0.0
0.0,340.0,1.35e-06,0.0
0.0,341.0,0.102,0.0
0.0,342.0,0.318,1.0
0.0,343.0,0.000528,0.0
0.0,344.0,0.521,1.0
0.0,345.0,0.00136,0.0
0.0,346.0,0.000312,0.0
0.0,347.0,1.55e-07,0.0
0.0,348.0,0.00766,0.0
0.0,349.0,3.08e-05,0.0
0.0,350.0,1.07e-06,0.0
0.0,351.0,5.49e-07,0.0
0.0,352.0,5.02e-06,0.0
0.0,353.0,0.00397,0.0
0.0,354.0,2.36e-05,0.0
0.0,355.0,0.00129,0.0
0.0,356.0,0.00333,0.0
0.0,357.0,5.55e-05,0.0
0.0,358.0,0.000362,0.0
0.0,359.0,3.12e-07,0.0
0.0,360.0,3.89e-06,0.0
0.0,361.0,5.18e-05,0.0
0.0,362.0,2.42e-06,0.0
0.0,363.0,3.77e-05,0.0
0.0,364.0,0.00132,0.0
0.0,365.0,0.000323,0.0
0.0,366.0,2.79e-05,0.0
0.0,367.0,3.57e-05,0.0
0.0,368.0,0.0536,0.0
0.0,369.0,0.000111,0.0
0.0,370.0,1.28e-06,0.0
0.0,371.0,9.62e-06,0.0
0.0,372.0,6.93e-05,0.0
0.0,373.0,9.17e-07,0.0
0.0,374.0,1.25e-06,0.0
0.0,375.0,1.65e-06,0.0
0.0,376.0,1.93e-05,0.0
0.0,377.0,0.42,1.0
0.0,378.0,0.0115,0.0
0.0,379.0,0.00196,0.0
0.0,380.0,0.000101,0.0
0.0,381.0,0.0026,0.0
0.0,382.0,0.00574,0.0
0.0,383.0,1.31e-06,0.0
0.0,384.0,0.00384,0.0
0.0,385.0,0.000193,0.0
0.0,386.0,4.24e-06,0.0
0.0,387.0,7.73e-08,0.0
0.0,388.0,1.19e-06,0.0
0.0,389.0,0.00108,0.0
0.0,390.0,0.255,1.0
0.0,391.0,4.47e-05,0.0
0.0,392.0,3.52e-06,0.0
0.0,393.0,1.3e-05,0.0
0.0,394.0,1.3e-05,0.0
0.0,395.0,0.000759,0.0
0.0,396.0,2.95e-06,0.0
0.0,397.0,0.00401,0.0
0.0,398.0,3.15e-06,0.0
0.0,399.0,2.37e-06,0.0
0.0,400.0,6.59e-06,0.0
0.0,401.0,6.95e-06,0.0
0.0,402.0,0.000135,0.0
0.0,403.0,3.87e-05,0.0
0.0,404.0,8.23e-06,0.0
0.0,405.0,6.78e-07,0.0
0.0,406.0,0.000293,0.0
0.0,407.0,0.000118,0.0
0.0,408.0,0.0136,0.0
0.0,409.0,3.43e-06,0.0
0.0,410.0,0.0226,0.0
0.0,411.0,0.000179,0.0
0.0,412.0,1.05e-08,0.0
0.0,413.0,1.88e-06,0.0
0.0,414.0,0.54,1.0
0.0,415.0,0.00412,0.0
0.0,416.0,9.57e-06,0.0
0.0,417.0,4.84e-05,0.0
0.0,418.0,6.57e-09,0.0
0.0,419.0,0.000107,0.0
0.0,420.0,0.632,1.0
0.0,421.0,3.17e-07,0.0
0.0,422.0,0.000813,0.0
0.0,423.0,2.75e-05,0.0
0.0,424.0,0.000166,0.0
0.0,425.0,0.000661,0.0
0.0,426.0,1.59e-06,0.0
0.0,427.0,8.03e-08,0.0
0.0,428.0,4.59e-07,0.0
0.0,429.0,4.98e-07,0.0
0.0,430.0,1.18e-06,0.0
0.0,431.0,3.3e-07,0.0
0.0,432.0,9.08e-07,0.0
0.0,433.0,9.61e-06,0.0
0.0,434.0,1.2e-05,0.0
0.0,435.0,0.000187,0.0
0.0,436.0,1.19e-08,0.0
0.0,437.0,1.49e-05,0.0
0.0,438.0,0.000206,0.0
0.0,439.0,8.73e-05,0.0
0.0,440.0,4.42e-06,0.0
0.0,441.0,0.000898,0.0
0.0,442.0,2.16e-05,0.0
0.0,443.0,1.18e-05,0.0
0.0,444.0,8.61e-06,0.0
0.0,445.0,3.49e-06,0.0
0.0,446.0,0.000908,0.0
0.0,447.0,0.000173,0.0
0.0,448.0,5.61e-06,0.0
0.0,449.0,3.03e-06,0.0
0.0,450.0,5.98e-07,0.0
0.0,451.0,1.55e-05,0.0
0.0,452.0,6.25e-05,0.0
0.0,453.0,0.0483,0.0
0.0,454.0,6.43e-05,0.0
0.0,455.0,9.34e-06,0.0
0.0,456.0,6.55e-05,0.0
0.0,457.0,2.72e-06,0.0
0.0,458.0,1.03e-05,0.0
0.0,459.0,2.01e-05,0.0
0.0,460.0,1.65e-05,0.0
0.0,461.0,2.59e-06,0.0
0.0,462.0,4.52e-06,0.0
0.0,463.0,0.509,1.0
0.0,464.0,1.63e-05,0.0
0.0,465.0,3.83e-06,0.0
0.0,466.0,0.0024,0.0
0.0,467.0,2.58e-05,0.0
0.0,468.0,6.57e-06,0.0
0.0,469.0,0.000412,0.0
0.0,470.0,3.27e-06,0.0
0.0,471.0,3.17e-06,0.0
0.0,472.0,1.04e-07,0.0
0.0,473.0,1.72e-05,0.0
0.0,474.0,0.000964,0.0
0.0,475.0,1.8e-05,0.0
0.0,476.0,2.96e-05,0.0
0.0,477.0,1.4e-05,0.0
0.0,478.0,0.00843,0.0
0.0,479.0,2.47e-08,0.0
0.0,480.0,0.00118,0.0
0.0,481.0,6.98e-05,0.0
0.0,482.0,0.000116,0.0
0.0,483.0,2.94e-07,0.0
0.0,484.0,2.79e-06,0.0
0.0,485.0,0.0104,0.0
0.0,486.0,1.86e-06,0.0
0.0,487.0,8.17e-06,0.0
0.0,488.0,0.000483,0.0
0.0,489.0,0.000798,0.0
0.0,490.0,2.68e-06,0.0
0.0,491.0,4.47e-05,0.0
0.0,492.0,4.24e-05,0.0
0.0,493.0,0.000199,0.0
0.0,494.0,3.33e-07,0.0
0.0,495.0,0.000857,0.0
0.0,496.0,5.63e-07,0.0
0.0,497.0,1.26e-07,0.0
0.0,498.0,0.00243,0.0
0.0,499.0,1.44e-06,0.0
0.0,500.0,0.000185,0.0
0.0,501.0,0.00215,0.0
0.0,502.0,0.00201,0.0
0.0,503.0,2.1e-05,0.0
0.0,504.0,1.46e-05,0.0
0.0,505.0,0.00909,0.0
0.0,506.0,1.57e-05,0.0
0.0,507.0,6.25e-06,0.0
0.0,508.0,2.62e-05,0.0
0.0,509.0,1.24e-05,0.0
0.0,510.0,3.94e-06,0.0
0.0,511.0,2.52e-05,0.0
0.0,512.0,0.000136,0.0
0.0,513.0,3.43e-06,0.0
0.0,514.0,0.00214,0.0
0.0,515.0,0.000154,0.0
0.0,516.0,1.02e-05,0.0
0.0,517.0,8.77e-05,0.0
0.0,518.0,0.000108,0.0
0.0,519.0,2.63e-05,0.0
0.0,520.0,1.01e-05,0.0
0.0,521.0,3.26e-06,0.0
0.0,522.0,0.00144,0.0
0.0,523.0,4.05e-06,0.0
0.0,524.0,0.000125,0.0
0.0,525.0,0.0118,0.0
0.0,526.0,4.26e-07,0.0
0.0,527.0,3.73e-05,0.0
0.0,528.0,0.00138,0.0
0.0,529.0,3.4e-06,0.0
0.0,530.0,1.14e-06,0.0
0.0,531.0,0.000353,0.0
0.0,532.0,1.59e-05,0.0
0.0,533.0,0.000412,0.0
0.0,534.0,0.00055,0.0
0.0,535.0,0.000408,0.0
0.0,536.0,2.06e-07,0.0
0.0,537.0,8.48e-06,0.0
0.0,538.0,9.3e-06,0.0
0.0,539.0,0.000804,0.0
0.0,540.0,3.79e-06,0.0
0.0,541.0,0.00758,0.0
0.0,542.0,1.66e-05,0.0
0.0,543.0,1.77e-05,0.0
0.0,544.0,5.36e-05,0.0
0.0,545.0,1.04e-05,0.0
0.0,546.0,4.62e-06,0.0
0.0,547.0,3.53e-06,0.0
0.0,548.0,0.0654,0.0
0.0,549.0,0.000243,0.0
0.0,550.0,5.02e-06,0.0
0.0,551.0,7.25e-06,0.0
0.0,552.0,3.15e-07,0.0
0.0,553.0,0.335,1.0
0.0,554.0,2.98e-05,0.0
0.0,555.0,0.228,0.0
0.0,556.0,5.82e-06,0.0
0.0,557.0,0.00147,0.0
0.0,558.0,2.41e-05,0.0
0.0,559.0,9.69e-06,0.0
0.0,560.0,5.09e-07,0.0
0.0,561.0,2.19e-06,0.0
0.0,562.0,9.16e-06,0.0
0.0,563.0,0.000503,0.0
0.0,564.0,0.000242,0.0
0.0,565.0,2.41e-05,0.0
0.0,566.0,1.3e-05,0.0
0.0,567.0,5.4e-06,0.0
0.0,568.0,0.000783,0.0
0.0,569.0,2e-05,0.0
0.0,570.0,1.22e-06,0.0
0.0,571.0,2.58e-05,0.0
0.0,572.0,0.00495,0.0
0.0,573.0,0.00015,0.0
0.0,574.0,0.000403,0.0
0.0,575.0,1.97e-05,0.0
0.0,576.0,2.38e-06,0.0
0.0,577.0,0.000796,0.0
0.0,578.0,0.000857,0.0
0.0,579.0,0.000305,0.0
0.0,580.0,1.93e-05,0.0
0.0,581.0,0.000267,0.0
0.0,582.0,0.0001,0.0
0.0,583.0,3.14e-05,0.0
0.0,584.0,0.00035,0.0
0.0,585.0,1.57e-06,0.0
0.0,586.0,4.12e-06,0.0
0.0,587.0,1.16e-05,0.0
0.0,588.0,2.46e-06,0.0
0.0,589.0,4.52e-05,0.0
0.0,590.0,3.26e-05,0.0
0.0,591.0,0.000102,0.0
0.0,592.0,1.97e-05,0.0
0.0,593.0,1e-06,0.0
0.0,594.0,0.173,0.0
0.0,595.0,2.43e-06,0.0
0.0,596.0,7.86e-09,0.0
0.0,597.0,2.54e-05,0.0
0.0,598.0,0.000395,0.0
0.0,599.0,1.67e-05,0.0
0.0,600.0,1.21e-05,0.0
0.0,601.0,0.000182,0.0
0.0,602.0,1.02e-06,0.0
0.0,603.0,6.7e-06,0.0
0.0,604.0,9.9e-05,0.0
0.0,605.0,5.67e-07,0.0
0.0,606.0,5.26e-05,0.0
0.0,607.0,0.127,0.0
0.0,608.0,5.54e-06,0.0
0.0,609.0,0.00163,0.0
0.0,610.0,3.49e-07,0.0
0.0,611.0,0.00256,0.0
0.0,612.0,9.06e-07,0.0
0.0,613.0,0.000402,0.0
0.0,614.0,2.78e-05,0.0
0.0,615.0,4.37e-08,0.0
0.0,616.0,2.48e-05,0.0
0.0,617.0,3.19e-05,0.0
0.0,618.0,0.00179,0.0
0.0,619.0,1.39e-06,0.0
0.0,620.0,1.71e-06,0.0
0.0,621.0,6.2e-07,0.0
0.0,622.0,8.39e-07,0.0
0.0,623.0,9.95e-08,0.0
0.0,624.0,5.14e-05,0.0
0.0,625.0,7.01e-06,0.0
0.0,626.0,0.115,0.0
0.0,627.0,0.000298,0.0
0.0,628.0,1.07e-06,0.0
0.0,629.0,0.000544,0.0
0.0,630.0,2.34e-05,0.0
0.0,631.0,2.64e-05,0.0
0.0,632.0,0.00165,0.0
0.0,633.0,1.62e-06,0.0
0.0,634.0,1.34e-06,0.0
0.0,635.0,1.42e-06,0.0
0.0,636.0,5.73e-07,0.0
0.0,637.0,1.4e-07,0.0
0.0,638.0,0.000225,0.0
0.0,639.0,3.05e-05,0.0
0.0,640.0,0.000101,0.0
0.0,641.0,0.00911,0.0
0.0,642.0,5.57e-07,0.0
0.0,643.0,0.000549,0.0
0.0,644.0,9.26e-05,0.0
0.0,645.0,0.0219,0.0
0.0,646.0,0.0204,0.0
0.0,647.0,1.89e-05,0.0
0.0,648.0,0.0044,0.0
0.0,649.0,1.91e-07,0.0
0.0,650.0,0.0037,0.0
0.0,651.0,1.02e-07,0.0
0.0,652.0,4.85e-07,0.0
0.0,653.0,2e-06,0.0
0.0,654.0,2.99e-05,0.0
0.0,655.0,4.12e-06,0.0
0.0,656.0,0.0788,0.0
0.0,657.0,3.09e-05,0.0
0.0,658.0,0.00686,0.0
0.0,659.0,6.46e-06,0.0
0.0,660.0,5.8e-06,0.0
0.0,661.0,7.54e-06,0.0
0.0,662.0,0.0127,0.0
0.0,663.0,4.63e-07,0.0
0.0,664.0,4.22e-05,0.0
0.0,665.0,3.37e-06,0.0
0.0,666.0,0.00215,0.0
0.0,667.0,0.0492,0.0
0.0,668.0,5.88e-06,0.0
0.0,669.0,2.26e-06,0.0
0.0,670.0,0.000191,0.0
0.0,671.0,4.33e-06,0.0
0.0,672.0,0.00339,0.0
0.0,673.0,9.98e-05,0.0
0.0,674.0,8.21e-07,0.0
0.0,675.0,0.00018,0.0
0.0,676.0,1.12e-05,0.0
0.0,677.0,4e-07,0.0
0.0,678.0,0.000104,0.0
0.0,679.0,0.0253,0.0
0.0,680.0,5.86e-06,0.0
0.0,681.0,0.000128,0.0
0.0,682.0,0.000757,0.0
0.0,683.0,6.88e-05,0.0
0.0,684.0,0.00175,0.0
0.0,685.0,6.57e-07,0.0
0.0,686.0,0.00119,0.0
0.0,687.0,3.53e-06,0.0
0.0,688.0,2.24e-05,0.0
0.0,689.0,0.00021,0.0
0.0,690.0,8.82e-05,0.0
0.0,691.0,0.000154,0.0
0.0,692.0,4.65e-07,0.0
0.0,693.0,0.0288,0.0
0.0,694.0,7.95e-08,0.0
0.0,695.0,0.285,1.0
0.0,696.0,4.62e-07,0.0
0.0,697.0,4.83e-06,0.0
0.0,698.0,1.01e-05,0.0
0.0,699.0,2.07e-06,0.0
0.0,700.0,8.39e-06,0.0
0.0,701.0,0.000609,0.0
0.0,702.0,8.16e-05,0.0
0.0,703.0,1.18e-05,0.0
0.0,704.0,0.000192,0.0
0.0,705.0,0.000633,0.0
0.0,706.0,1.85e-07,0.0
0.0,707.0,9.32e-05,0.0
0.0,708.0,4.09e-05,0.0
0.0,709.0,0.00569,0.0
0.0,710.0,0.00623,0.0
0.0,711.0,3.71e-08,0.0
0.0,712.0,0.351,1.0
0.0,713.0,5.84e-05,0.0
0.0,714.0,0.00019,0.0
0.0,715.0,5.15e-05,0.0
0.0,716.0,4.97e-07,0.0
0.0,717.0,1.37e-05,0.0
0.0,718.0,1.55e-05,0.0
0.0,719.0,1.57e-05,0.0
0.0,720.0,0.00242,1.0
0.0,721.0,0.000743,0.0
0.0,722.0,2.16e-05,0.0
0.0,723.0,2.19e-05,0.0
0.0,724.0,0.000258,0.0
0.0,725.0,0.000584,0.0
0.0,726.0,2.26e-05,0.0
0.0,727.0,8.57e-08,0.0
0.0,728.0,0.00216,0.0
0.0,729.0,1.12e-06,0.0
0.0,730.0,1.98e-05,0.0
0.0,731.0,5.39e-06,0.0
0.0,732.0,3.45e-05,0.0
0.0,733.0,2.2e-05,0.0
0.0,734.0,1.89e-06,0.0
0.0,735.0,8.05e-06,0.0
0.0,736.0,5.59e-05,0.0
0.0,737.0,1.01e-07,0.0
0.0,738.0,0.000234,0.0
0.0,739.0,6.16e-07,0.0
0.0,740.0,1.2e-05,0.0
0.0,741.0,0.000282,0.0
0.0,742.0,3.91e-05,0.0
0.0,743.0,7.72e-07,0.0
0.0,744.0,0.000314,0.0
0.0,745.0,6.06e-08,0.0
0.0,746.0,4.34e-05,0.0
0.0,747.0,0.00141,0.0
0.0,748.0,7.26e-07,0.0
0.0,749.0,0.000253,0.0
0.0,750.0,0.00024,0.0
0.0,751.0,1.26e-07,0.0
0.0,752.0,9.06e-07,0.0
0.0,753.0,0.00137,0.0
0.0,754.0,1.95e-05,0.0
0.0,755.0,1.65e-06,0.0
0.0,756.0,0.00012,0.0
0.0,757.0,0.00126,0.0
0.0,758.0,0.0184,1.0
0.0,759.0,0.000383,0.0
0.0,760.0,1.24e-05,0.0
0.0,761.0,0.00318,0.0
0.0,762.0,5.68e-07,0.0
0.0,763.0,5.1e-05,0.0
0.0,764.0,2.22e-05,0.0
0.0,765.0,5.23e-07,0.0
0.0,766.0,0.00045,0.0
0.0,767.0,6.39e-06,0.0
0.0,768.0,0.000471,0.0
0.0,769.0,0.0346,0.0
0.0,770.0,2.55e-06,0.0
0.0,771.0,4.47e-05,0.0
0.0,772.0,0.000288,0.0
0.0,773.0,9.98e-06,0.0
0.0,774.0,2.51e-06,0.0
0.0,775.0,1.57e-05,0.0
0.0,776.0,0.0139,0.0
0.0,777.0,1.01e-06,0.0
0.0,778.0,8.58e-05,0.0
0.0,779.0,0.00155,0.0
0.0,780.0,1.24e-05,0.0
0.0,781.0,0.00147,0.0
0.0,782.0,0.000526,0.0
0.0,783.0,2.33e-05,0.0
0.0,784.0,0.000357,0.0
0.0,785.0,0.00632,0.0
0.0,786.0,4.46e-06,0.0
0.0,787.0,0.000122,0.0
0.0,788.0,3.78e-07,0.0
0.0,789.0,5.49e-05,0.0
0.0,790.0,0.109,1.0
0.0,791.0,2.05e-07,0.0
0.0,792.0,4.6e-07,0.0
0.0,793.0,2.27e-06,0.0
0.0,794.0,0.000854,0.0
0.0,795.0,0.000213,0.0
0.0,796.0,7.81e-05,0.0
0.0,797.0,0.00519,0.0
0.0,798.0,1.86e-05,0.0
0.0,799.0,1.17e-07,0.0
0.0,800.0,1.92e-05,0.0
0.0,801.0,4.22e-05,0.0
0.0,802.0,3.05e-06,0.0
0.0,803.0,2.44e-05,0.0
0.0,804.0,9.3e-05,0.0
0.0,805.0,7.36e-06,0.0
0.0,806.0,3.66e-06,0.0
0.0,807.0,2.47e-05,0.0
0.0,808.0,2.28e-06,0.0
0.0,809.0,0.000139,0.0
0.0,810.0,2.57e-05,0.0
0.0,811.0,7.99e-06,0.0
0.0,812.0,4.63e-07,0.0
0.0,813.0,2.83e-05,0.0
0.0,814.0,0.000126,0.0
0.0,815.0,2.68e-06,0.0
0.0,816.0,0.00192,0.0
0.0,817.0,7.34e-07,0.0
0.0,818.0,1.24e-05,0.0
0.0,819.0,3.27e-07,0.0
0.0,820.0,9.57e-06,0.0
0.0,821.0,5.13e-06,0.0
0.0,822.0,2.66e-06,0.0
0.0,823.0,0.000438,0.0
0.0,824.0,6.08e-07,0.0
0.0,825.0,3.94e-08,0.0
0.0,826.0,0.173,1.0
